0 0.30078125 0.0625 0.11484375 0.11953125
0 0.284375 0.18359375 0.11640625 0.11953125
0 0.25546875 0.334375 0.134375 0.1765625
0 0.2125 0.515625 0.15 0.17890625
0 0.16171875 0.7171875 0.16640625 0.21796875
0 0.109375 0.92265625 0.20234375 0.1546875
0 0.30546875 0.9265625 0.184375 0.146875
0 0.3328125 0.740625 0.16953125 0.21640625
0 0.51015625 0.75546875 0.16171875 0.225
0 0.70703125 0.95234375 0.1796875 0.0953125
0 0.70546875 0.7609375 0.16953125 0.23046875
0 0.69453125 0.54296875 0.15078125 0.196875
0 0.52890625 0.53828125 0.14296875 0.19609375
0 0.37265625 0.51640625 0.13984375 0.20546875
0 0.8953125 0.7921875 0.19296875 0.240625
0 0.91640625 0.971875 0.16640625 0.05546875
0 0.86328125 0.540625 0.16484375 0.22890625
0 0.39140625 0.340625 0.13125 0.1515625
0 0.53515625 0.3578125 0.125 0.159375
0 0.68125 0.3578125 0.1375 0.16796875
0 0.8453125 0.34921875 0.146875 0.15703125
0 0.4125 0.19453125 0.11640625 0.14140625
0 0.53984375 0.19765625 0.121875 0.14609375
0 0.68671875 0.1890625 0.12890625 0.1640625
0 0.825 0.19375 0.13359375 0.1484375
0 0.4265625 0.0640625 0.10703125 0.1140625
0 0.54921875 0.0625 0.10625 0.11953125
0 0.68046875 0.05390625 0.1171875 0.1078125
0 0.80703125 0.0609375 0.12890625 0.11953125